0.044000	0.700000	0.483046
0.044050	0.900000	0.316228
0.044100	0.300000	0.483046
0.044150	0.500000	0.527046
0.044200	1.000000	0.000000
0.044250	1.000000	0.000000
0.044300	0.900000	0.316228
0.044350	1.300000	0.483046
0.044400	2.000000	0.000000
0.044450	2.000000	0.000000
0.044500	3.000000	0.000000
0.044550	2.900000	0.316228
0.044600	4.000000	0.000000
0.044650	4.000000	0.000000
0.044700	4.800000	0.421637
0.044750	5.000000	0.000000
0.044800	5.000000	0.471405
0.044850	5.200000	0.421637
0.044900	5.300000	0.483046
0.044950	5.000000	0.000000
0.045000	5.100000	0.316228
0.045050	5.000000	0.000000
0.045100	4.600000	0.516398
0.045150	4.200000	0.421637
0.045200	3.900000	0.316228
0.045250	3.000000	0.000000
0.045300	2.900000	0.316228
0.045350	2.100000	0.316228
0.045400	1.700000	0.483046
0.045450	1.100000	0.316228
0.045500	1.000000	0.000000
0.045550	1.100000	0.316228
0.045600	0.600000	0.516398
0.045650	0.600000	0.516398
0.045700	1.000000	0.000000
0.045750	1.000000	0.000000
0.045800	1.100000	0.316228
0.045850	1.700000	0.483046
0.045900	2.000000	0.000000
0.045950	2.300000	0.483046
0.046000	3.000000	0.000000
0.046050	3.100000	0.316228
0.046100	3.900000	0.316228
0.046150	4.100000	0.316228
0.046200	4.100000	0.316228
0.046250	4.200000	0.421637
0.046300	4.800000	0.421637
0.046350	4.400000	0.516398
0.046400	4.300000	0.483046
0.046450	4.100000	0.316228
0.046500	4.000000	0.000000
0.046550	4.000000	0.000000
0.046600	3.100000	0.316228
0.046650	2.900000	0.316228
0.046700	2.800000	0.421637
0.046750	2.000000	0.471405
0.046800	2.000000	0.000000
0.046850	1.800000	0.421637
0.046900	1.000000	0.000000
0.046950	1.200000	0.421637
0.047000	1.000000	0.000000
0.047050	1.000000	0.000000
0.047100	0.900000	0.316228
0.047150	0.800000	0.421637
0.047200	0.500000	0.527046
0.047250	0.500000	0.527046
0.047300	0.600000	0.516398
0.047350	0.800000	0.421637
0.047400	1.000000	0.000000
0.047450	0.800000	0.421637
0.047500	1.100000	0.316228
0.047550	1.000000	0.000000
0.047600	1.500000	0.527046
0.047650	2.000000	0.000000
0.047700	2.000000	0.000000
0.047750	2.000000	0.000000
0.047800	2.100000	0.316228
0.047850	2.200000	0.421637
0.047900	2.600000	0.516398
0.047950	2.600000	0.516398
0.048000	2.800000	0.421637
0.048050	2.600000	0.516398
0.048100	2.600000	0.516398
0.048150	2.400000	0.516398
0.048200	2.100000	0.567646
0.048250	2.000000	0.000000
0.048300	2.000000	0.000000
0.048350	1.800000	0.421637
0.048400	1.300000	0.483046
0.048450	1.000000	0.000000
0.048500	1.000000	0.000000
0.048550	1.000000	0.000000
0.048600	0.800000	0.421637
0.048650	1.000000	0.000000
0.048700	1.000000	0.000000
0.048750	1.600000	0.516398
0.048800	2.000000	0.000000
0.048850	2.600000	0.516398
0.048900	3.500000	0.527046
0.048950	4.200000	0.421637
0.049000	5.100000	0.316228
0.049050	6.500000	0.527046
0.049100	7.300000	0.483046
0.049150	8.100000	0.316228
0.049200	9.100000	0.316228
0.049250	10.000000	0.000000
0.049300	10.700000	0.483046
0.049350	11.000000	0.000000
0.049400	11.000000	0.000000
0.049450	11.000000	0.000000
0.049500	10.400000	0.516398
0.049550	9.900000	0.316228
0.049600	9.000000	0.000000
0.049650	7.900000	0.316228
0.049700	7.100000	0.316228
0.049750	6.000000	0.000000
0.049800	4.900000	0.316228
0.049850	4.000000	0.000000
0.049900	2.900000	0.316228
0.049950	2.100000	0.316228
0.050000	1.500000	0.527046
0.050050	1.100000	0.316228
0.050100	1.000000	0.000000
0.050150	1.100000	0.316228
0.050200	1.800000	0.421637
0.050250	2.000000	0.000000
0.050300	3.000000	0.000000
0.050350	4.000000	0.000000
0.050400	5.500000	0.527046
0.050450	6.700000	0.483046
0.050500	8.000000	0.000000
0.050550	8.900000	0.316228
0.050600	10.000000	0.000000
0.050650	10.500000	0.527046
0.050700	11.000000	0.000000
0.050750	11.200000	0.421637
0.050800	11.200000	0.421637
0.050850	11.100000	0.316228
0.050900	11.000000	0.000000
0.050950	10.000000	0.000000
0.051000	9.300000	0.483046
0.051050	8.200000	0.421637
0.051100	7.200000	0.421637
0.051150	6.300000	0.483046
0.051200	5.200000	0.421637
0.051250	4.500000	0.527046
0.051300	3.900000	0.316228
0.051350	3.000000	0.000000
0.051400	2.200000	0.421637
0.051450	2.100000	0.316228
0.051500	1.900000	0.316228
0.051550	1.200000	0.421637
0.051600	1.200000	0.421637
0.051650	1.200000	0.421637
0.051700	1.300000	0.483046
0.051750	1.300000	0.483046
0.051800	1.700000	0.483046
0.051850	2.000000	0.000000
0.051900	1.900000	0.316228
0.051950	2.000000	0.000000
0.052000	2.200000	0.421637
0.052050	3.000000	0.000000
0.052100	3.000000	0.000000
0.052150	3.800000	0.421637
0.052200	4.000000	0.000000
0.052250	4.300000	0.483046
0.052300	5.000000	0.000000
0.052350	5.700000	0.483046
0.052400	6.100000	0.316228
0.052450	6.300000	0.483046
0.052500	6.900000	0.316228
0.052550	7.200000	0.421637
0.052600	7.100000	0.316228
0.052650	6.900000	0.316228
0.052700	6.400000	0.516398
0.052750	6.000000	0.000000
0.052800	5.300000	0.483046
0.052850	4.700000	0.483046
0.052900	4.000000	0.000000
0.052950	3.000000	0.471405
0.053000	3.000000	0.000000
0.053050	3.000000	0.000000
0.053100	3.000000	0.000000
0.053150	3.900000	0.316228
0.053200	5.000000	0.000000
0.053250	7.000000	0.000000
0.053300	9.900000	0.316228
0.053350	13.600000	0.516398
0.053400	18.000000	0.000000
0.053450	23.300000	0.483046
0.053500	29.100000	0.316228
0.053550	35.500000	0.527046
0.053600	42.300000	0.483046
0.053650	49.200000	0.421637
0.053700	56.100000	0.316228
0.053750	61.600000	0.516398
0.053800	66.400000	0.516398
0.053850	69.600000	0.699206
0.053900	71.800000	0.421637
0.053950	72.000000	0.000000
0.054000	70.300000	0.483046
0.054050	67.200000	0.421637
0.054100	62.600000	0.699206
0.054150	56.100000	0.316228
0.054200	48.400000	0.516398
0.054250	40.600000	0.516398
0.054300	32.100000	0.316228
0.054350	23.900000	0.316228
0.054400	17.000000	0.000000
0.054450	12.000000	0.000000
0.054500	7.900000	0.316228
0.054550	6.100000	0.316228
0.054600	6.900000	0.316228
0.054650	11.000000	0.000000
0.054700	17.800000	0.421637
0.054750	27.100000	0.567646
0.054800	39.900000	0.316228
0.054850	54.900000	0.316228
0.054900	71.700000	0.674949
0.054950	91.000000	0.000000
0.055000	111.100000	0.567646
0.055050	132.200000	0.421637
0.055100	152.000000	0.000000
0.055150	170.100000	0.316228
0.055200	186.700000	0.483046
0.055250	199.300000	0.483046
0.055300	207.800000	0.421637
0.055350	212.200000	0.421637
0.055400	211.000000	0.000000
0.055450	205.300000	0.483046
0.055500	195.000000	0.000000
0.055550	180.200000	0.421637
0.055600	163.000000	0.000000
0.055650	142.000000	0.000000
0.055700	119.700000	0.483046
0.055750	97.000000	0.000000
0.055800	74.900000	0.316228
0.055850	54.000000	0.000000
0.055900	36.300000	0.483046
0.055950	23.100000	0.316228
0.056000	14.000000	0.000000
0.056050	10.200000	0.421637
0.056100	12.000000	0.000000
0.056150	18.300000	0.483046
0.056200	30.200000	0.632456
0.056250	46.500000	0.527046
0.056300	67.000000	0.000000
0.056350	90.800000	0.421637
0.056400	117.200000	0.421637
0.056450	144.800000	0.421637
0.056500	172.900000	0.316228
0.056550	200.300000	0.483046
0.056600	224.900000	0.316228
0.056650	247.600000	0.516398
0.056700	264.900000	0.316228
0.056750	277.200000	0.421637
0.056800	282.900000	0.316228
0.056850	282.800000	0.421637
0.056900	275.700000	0.483046
0.056950	263.200000	0.421637
0.057000	245.000000	0.471405
0.057050	222.000000	0.000000
0.057100	196.200000	0.421637
0.057150	168.100000	0.316228
0.057200	139.000000	0.000000
0.057250	110.200000	0.632456
0.057300	83.900000	0.316228
0.057350	60.100000	0.316228
0.057400	39.800000	0.421637
0.057450	25.100000	0.316228
0.057500	14.900000	0.316228
0.057550	11.000000	0.000000
0.057600	12.000000	0.000000
0.057650	17.300000	0.483046
0.057700	27.900000	0.316228
0.057750	41.300000	0.483046
0.057800	58.100000	0.316228
0.057850	77.400000	0.516398
0.057900	97.400000	0.699206
0.057950	117.300000	0.483046
0.058000	137.200000	0.421637
0.058050	154.900000	0.316228
0.058100	170.800000	0.421637
0.058150	182.900000	0.316228
0.058200	192.000000	0.000000
0.058250	196.000000	0.000000
0.058300	195.600000	0.699206
0.058350	191.200000	0.632456
0.058400	182.300000	0.483046
0.058450	169.700000	0.674949
0.058500	154.000000	0.000000
0.058550	136.800000	0.421637
0.058600	118.100000	0.316228
0.058650	99.000000	0.000000
0.058700	80.200000	0.421637
0.058750	63.000000	0.000000
0.058800	47.100000	0.316228
0.058850	32.900000	0.316228
0.058900	22.000000	0.000000
0.058950	14.300000	0.483046
0.059000	9.100000	0.316228
0.059050	7.000000	0.000000
0.059100	7.000000	0.000000
0.059150	9.500000	0.527046
0.059200	14.000000	0.000000
0.059250	19.000000	0.000000
0.059300	25.000000	0.000000
0.059350	31.200000	0.421637
0.059400	38.000000	0.000000
0.059450	44.000000	0.000000
0.059500	49.300000	0.674949
0.059550	54.000000	0.000000
0.059600	57.000000	0.000000
0.059650	58.700000	0.483046
0.059700	59.100000	0.316228
0.059750	58.100000	0.316228
0.059800	56.000000	0.000000
0.059850	52.700000	0.483046
0.059900	48.000000	0.000000
0.059950	43.100000	0.316228
0.060000	38.000000	0.000000
0.060050	32.100000	0.316228
0.060100	27.300000	0.483046
0.060150	22.000000	0.000000
0.060200	17.100000	0.316228
0.060250	13.200000	0.421637
0.060300	10.000000	0.000000
0.060350	7.200000	0.421637
0.060400	5.100000	0.316228
0.060450	4.100000	0.316228
0.060500	3.100000	0.316228
0.060550	2.900000	0.316228
0.060600	3.000000	0.000000
0.060650	3.100000	0.316228
0.060700	3.300000	0.483046
0.060750	3.800000	0.421637
0.060800	4.000000	0.471405
0.060850	4.200000	0.421637
0.060900	4.300000	0.483046
0.060950	4.200000	0.421637
0.061000	4.500000	0.527046
0.061050	4.300000	0.483046
0.061100	4.000000	0.000000
0.061150	4.000000	0.000000
0.061200	3.900000	0.316228
0.061250	3.100000	0.316228
0.061300	3.100000	0.316228
0.061350	3.000000	0.000000
0.061400	2.900000	0.316228
0.061450	2.400000	0.516398
0.061500	2.100000	0.316228
0.061550	2.000000	0.000000
0.061600	2.000000	0.000000
0.061650	2.000000	0.471405
0.061700	1.800000	0.421637
0.061750	1.900000	0.316228
0.061800	1.900000	0.316228
0.061850	1.300000	0.483046
0.061900	1.500000	0.527046
0.061950	1.000000	0.000000
0.062000	0.900000	0.316228
0.062050	1.200000	0.421637
0.062100	1.300000	0.483046
0.062150	1.700000	0.483046
0.062200	2.000000	0.000000
0.062250	2.600000	0.516398
0.062300	3.100000	0.316228
0.062350	4.000000	0.000000
0.062400	5.000000	0.000000
0.062450	6.000000	0.000000
0.062500	7.000000	0.000000
0.062550	8.000000	0.000000
0.062600	9.000000	0.000000
0.062650	9.900000	0.316228
0.062700	10.200000	0.421637
0.062750	11.000000	0.000000
0.062800	11.600000	0.516398
0.062850	11.800000	0.421637
0.062900	11.600000	0.516398
0.062950	11.100000	0.316228
0.063000	10.900000	0.316228
0.063050	9.900000	0.316228
0.063100	8.900000	0.316228
0.063150	8.000000	0.000000
0.063200	6.700000	0.483046
0.063250	5.300000	0.483046
0.063300	3.900000	0.316228
0.063350	3.000000	0.000000
0.063400	2.300000	0.483046
0.063450	1.700000	0.483046
0.063500	1.300000	0.483046
0.063550	1.000000	0.471405
0.063600	1.300000	0.483046
0.063650	2.000000	0.000000
0.063700	2.300000	0.674949
0.063750	3.000000	0.000000
0.063800	4.000000	0.000000
0.063850	5.000000	0.000000
0.063900	6.000000	0.000000
0.063950	7.100000	0.316228
0.064000	8.000000	0.000000
0.064050	9.100000	0.316228
0.064100	9.300000	0.483046
0.064150	10.000000	0.000000
0.064200	10.000000	0.000000
0.064250	9.900000	0.316228
0.064300	10.000000	0.000000
0.064350	9.000000	0.471405
0.064400	8.800000	0.421637
0.064450	8.000000	0.000000
0.064500	7.000000	0.000000
0.064550	6.100000	0.316228
0.064600	5.300000	0.483046
0.064650	4.600000	0.516398
0.064700	3.900000	0.316228
0.064750	3.000000	0.000000
0.064800	2.300000	0.483046
0.064850	2.000000	0.000000
0.064900	1.200000	0.421637
0.064950	1.200000	0.421637
0.065000	0.900000	0.316228
0.065050	1.000000	0.000000
0.065100	1.000000	0.000000
0.065150	1.000000	0.000000
0.065200	1.400000	0.516398
0.065250	1.900000	0.316228
0.065300	2.000000	0.000000
0.065350	2.000000	0.000000
0.065400	2.000000	0.000000
0.065450	2.100000	0.316228
0.065500	2.000000	0.000000
0.065550	2.100000	0.567646
0.065600	2.100000	0.316228
0.065650	2.100000	0.316228
0.065700	2.200000	0.421637
0.065750	2.100000	0.316228
0.065800	2.200000	0.421637
0.065850	2.000000	0.000000
0.065900	2.000000	0.000000
0.065950	1.800000	0.421637
0.066000	1.900000	0.316228
0.066050	1.500000	0.527046
0.066100	1.100000	0.316228
0.066150	1.000000	0.000000
0.066200	1.000000	0.000000
0.066250	1.000000	0.000000
0.066300	0.900000	0.316228
0.066350	0.900000	0.316228
0.066400	1.000000	0.000000
0.066450	0.900000	0.316228
0.066500	0.900000	0.316228
0.066550	1.000000	0.000000
0.066600	1.000000	0.000000
0.066650	1.000000	0.000000
0.066700	1.100000	0.316228
0.066750	1.200000	0.632456
0.066800	1.900000	0.316228
0.066850	1.900000	0.316228
0.066900	2.100000	0.316228
0.066950	2.900000	0.316228
0.067000	3.100000	0.316228
0.067050	3.500000	0.527046
0.067100	4.000000	0.000000
0.067150	4.000000	0.000000
0.067200	4.100000	0.316228
0.067250	4.400000	0.516398
0.067300	4.500000	0.527046
0.067350	4.300000	0.483046
0.067400	4.300000	0.483046
0.067450	4.100000	0.316228
0.067500	4.000000	0.000000
0.067550	3.900000	0.316228
0.067600	3.100000	0.316228
0.067650	2.900000	0.316228
0.067700	2.600000	0.516398
0.067750	2.000000	0.000000
0.067800	1.800000	0.421637
0.067850	1.100000	0.316228
0.067900	0.900000	0.316228
0.067950	1.000000	0.000000
0.068000	0.900000	0.316228
0.068050	0.800000	0.421637
0.068100	1.000000	0.000000
0.068150	1.000000	0.000000
0.068200	1.100000	0.567646
0.068250	1.900000	0.316228
0.068300	2.000000	0.000000
0.068350	2.700000	0.483046
0.068400	3.000000	0.000000
0.068450	3.200000	0.421637
0.068500	4.000000	0.000000
0.068550	4.000000	0.000000
0.068600	4.100000	0.316228
0.068650	4.500000	0.527046
0.068700	4.500000	0.527046
0.068750	4.700000	0.483046
0.068800	4.300000	0.483046
0.068850	4.100000	0.316228
0.068900	4.000000	0.000000
0.068950	3.900000	0.316228
0.069000	3.100000	0.316228
0.069050	3.000000	0.000000
0.069100	2.500000	0.527046
0.069150	2.100000	0.316228
0.069200	2.000000	0.000000
0.069250	1.400000	0.516398
0.069300	1.200000	0.421637
0.069350	1.000000	0.000000
0.069400	1.000000	0.000000
0.069450	0.900000	0.316228
0.069500	0.700000	0.483046
0.069550	0.800000	0.421637
0.069600	0.800000	0.421637
0.069650	1.000000	0.000000
0.069700	1.000000	0.000000
0.069750	0.900000	0.316228
0.069800	1.000000	0.000000
0.069850	1.000000	0.000000
0.069900	0.900000	0.316228
0.069950	1.200000	0.421637
